nYears <- 32
nStages <- 4
N_obs <- 
structure(c(18, 19, 25, 55, 58, 255, 37, 20, 2, 12, 57, 45, 0, 22, 56, 64, 10,
31, 12, 13, 133, 45, 11, 7, 12, 271, 61, 5, 2, 44, 102, 23, 45, 332, 206, 15, 1,
507, 175, 18, 17, 304, 169, 11, 3, 89, 98, 25, 1, 24, 43, 29, 33, 83, 18, 53, 2,
30, 16, 9, 1, 23, 29, 15, 4, 61, 27, 5, 2, 35, 36, 4, 5, 36, 12, 6, 2, 33, 31, 2,
0, 33, 15, 4, 0, 6, 6, 9, 1, 38, 38, 7, 0, 14, 29, 22, 2, 38, 30, 20, 1, 12, 33,
50, 16, 37, 18, 25, 5, 7, 22, 25, 5, 9, 12, 54, 4, 81, 27, 45, 0, 62, 65, 117, 0,
21, 31, 58),
.Dim = c(4, 32))
n_obs <- 
structure(c(2.89037175789616, 2.94443897916644, 3.2188758248682,
4.00733318523247, 4.06044301054642, 5.54126354515843, 3.61091791264422,
2.99573227355399, 0.693147180559945, 2.484906649788, 4.04305126783455,
3.80666248977032, -Inf, 3.09104245335832, 4.02535169073515, 4.15888308335967,
2.30258509299405, 3.43398720448515, 2.484906649788, 2.56494935746154,
4.89034912822175, 3.80666248977032, 2.39789527279837, 1.94591014905531,
2.484906649788, 5.6021188208797, 4.11087386417331, 1.6094379124341,
0.693147180559945, 3.78418963391826, 4.62497281328427, 3.13549421592915,
3.80666248977032, 5.80513496891649, 5.32787616878958, 2.70805020110221, 0,
6.22851100359118, 5.16478597392351, 2.89037175789616, 2.83321334405622,
5.71702770140622, 5.12989871492307, 2.39789527279837, 1.09861228866811,
4.48863636973214, 4.58496747867057, 3.2188758248682, 0, 3.17805383034795,
3.76120011569356, 3.36729582998647, 3.49650756146648, 4.4188406077966,
2.89037175789616, 3.97029191355212, 0.693147180559945, 3.40119738166216,
2.77258872223978, 2.19722457733622, 0, 3.13549421592915, 3.36729582998647,
2.70805020110221, 1.38629436111989, 4.11087386417331, 3.29583686600433,
1.6094379124341, 0.693147180559945, 3.55534806148941, 3.58351893845611,
1.38629436111989, 1.6094379124341, 3.58351893845611, 2.484906649788,
1.79175946922805, 0.693147180559945, 3.49650756146648, 3.43398720448515,
0.693147180559945, -Inf, 3.49650756146648, 2.70805020110221, 1.38629436111989,
-Inf, 1.79175946922805, 1.79175946922805, 2.19722457733622, 0, 3.63758615972639,
3.63758615972639, 1.94591014905531, -Inf, 2.63905732961526, 3.36729582998647,
3.09104245335832, 0.693147180559945, 3.63758615972639, 3.40119738166216,
2.99573227355399, 0, 2.484906649788, 3.49650756146648, 3.91202300542815,
2.77258872223978, 3.61091791264422, 2.89037175789616, 3.2188758248682,
1.6094379124341, 1.94591014905531, 3.09104245335832, 3.2188758248682,
1.6094379124341, 2.19722457733622, 2.484906649788, 3.98898404656427,
1.38629436111989, 4.39444915467244, 3.29583686600433, 3.80666248977032, -Inf,
4.12713438504509, 4.17438726989564, 4.76217393479776, -Inf, 3.04452243772342,
3.43398720448515, 4.06044301054642),
.Dim = c(4, 32))
